WWLLN
oTGF090808739a
   301.0564     3.8181         F
   301.0564     3.8181
     0     150
     1  294.5366    9.8585     -587.372821
     2  294.5596    9.8759     -587.193297
     3  294.9646    9.1373     -576.058474
     4  294.5501    9.8959     -561.195046
     5  295.5927    8.9048     -560.869609
     6  295.6017    8.9374     -560.815347
     7  296.0810    9.0760     -558.682391
     8  296.0972    9.0494     -558.622646
     9  292.3346    8.3926     -548.498107
    10  297.9695    7.6212     -545.134393
    11  297.9731    7.6262     -545.080393
    12  293.7750    8.6993     -539.354692
    13  293.7224    8.6631     -539.316407
    14  293.7850    8.7395     -539.291703
    15  292.2227    0.0347     -532.792225
    16  294.5614    9.8736     -532.213642
    17  294.5661    9.8224     -531.972023
    18  294.5488    9.8791     -518.644172
    19  297.9523    7.6229     -514.761632
    20  297.9686    7.6369     -490.134499
    21  294.3384    9.3182     -487.331583
    22  294.5450    9.9014     -482.871947
    23  300.1451    3.4550     -479.737679
    24  292.3454    8.3840     -471.705964
    25  297.9697    7.6329     -471.303881
    26  293.1818    0.1810     -459.034746
    27  291.5020   -1.4210     -453.790519
    28  294.5328    4.2534     -453.377079
    29  300.1504    3.5984     -450.560295
    30  294.5437    9.8943     -434.109240
    31  294.3620    9.7326     -421.584516
    32  294.5030    9.7885     -421.384636
    33  291.9579    9.8883     -419.389933
    34  291.7342    9.8758     -419.389834
    35  291.9497    9.8876     -419.319297
    36  291.9431    9.9042     -419.280565
    37  297.9483    7.5825     -415.648199
    38  294.6965    4.3198     -409.878955
    39  294.5318    9.8516     -409.002569
    40  294.5066    9.8100     -408.891752
    41  296.3316    4.5974     -394.972113
    42  296.3345    4.5747     -394.878209
    43  295.5867    8.9308     -389.118876
    44  294.5063    9.8606     -378.201091
    45  294.5250    9.8949     -377.975342
    46  300.1184    3.4668     -377.183902
    47  297.9228    7.6146     -369.186603
    48  307.0519   13.6699     -365.903389
    49  291.3675   -0.5441     -363.099980
    50  296.0590    9.0157     -360.997890
    51  296.0481    9.0564     -360.971045
    52  292.5490   -2.9156     -359.427197
    53  294.6471    4.3052     -348.256547
    54  294.5332    9.9033     -343.191222
    55  294.5264    9.9006     -342.813426
    56  294.3257    9.6144     -328.502805
    57  291.8041    9.9140     -327.943082
    58  300.1671    3.5771     -313.263998
    59  294.4310    9.3874     -303.722314
    60  294.4540    9.3170     -303.660053
    61  294.6237    4.2578     -297.981667
    62  294.6568    4.3065     -297.909301
    63  300.1341    3.4536     -292.681279
    64  291.3380   -0.2850     -277.778166
    65  294.5148    9.8580     -276.852332
    66  294.5082    9.8362     -276.829755
    67  291.3007   -0.8206     -253.276605
    68  294.6732    4.3027     -243.226705
    69  296.6303    9.0020     -237.150351
    70  296.6029    9.0092     -236.987319
    71  296.6172    8.9974     -236.978845
    72  294.5184    9.8665     -233.919991
    73  300.6108    7.6422     -233.065681
    74  294.3483    9.7135     -224.375801
    75  291.9070    9.8879     -217.899181
    76  291.9024    9.9090     -217.765193
    77  291.8852    9.9328     -217.632974
    78  300.9001    1.4343     -213.950932
    79  294.5127    9.8830     -201.021201
    80  294.4799    9.8286     -200.935510
    81  294.5295    9.8583     -200.683084
    82  294.5929    4.2488     -197.343510
    83  292.4359   -3.2236     -195.157566
    84  292.4134   -3.2461     -195.083879
    85  292.1715   -2.8515     -185.479091
    86  294.8151    9.1731     -183.323911
    87  293.7424    1.5651     -163.489705
    88  295.7367    2.8667     -110.276876
    89  294.8780    9.1055     -103.514993
    90  294.8420    9.0846     -103.331515
    91  293.6711    8.8458      -77.586848
    92  292.1565   -2.8586      -68.222338
    93  296.6138    8.9938      -64.385169
    94  292.3344   -3.0350      -49.539292
    95  292.2664   -0.0331      -42.623119
    96  296.1367    4.5593      -37.817462
    97  295.7722    2.9160      -18.760068
    98  294.5071    9.9332      -18.253493
    99  294.5044    9.9191      -18.213381
   100  294.5015    9.9058      -18.155397
   101  292.3170   -3.0638      -15.646951
   102  294.3393    9.6708        1.372399
   103  292.6115    9.8151        2.446431
   104  292.3817   -3.2182       29.309570
   105  294.6066    9.2224       36.322163
   106  292.0187    8.4835       42.399732
   107  300.1307    3.4615       43.444344
   108  292.0942    8.5234      117.932189
   109  296.2002    4.5413      117.959836
   110  292.3573   -3.0326      124.394447
   111  300.8705    1.3295      132.755112
   112  299.3894    2.4979      155.990122
   113  294.4590    9.9165      158.599914
   114  296.2920    4.5953      168.382577
   115  292.4497   -3.2558      177.999694
   116  292.1980   -2.3174      201.924133
   117  300.0176    3.4926      205.102840
   118  292.3986   -3.3011      238.924075
   119  299.1417    1.6181      241.580333
   120  292.3909   -3.2799      266.554891
   121  296.2068    4.5805      273.024377
   122  295.9211    4.3977      273.024544
   123  295.8447    9.0377      298.977157
   124  300.2761    8.1690      299.633950
   125  300.0084    3.4582      301.413175
   126  293.0915    8.2910      341.590782
   127  293.1109    8.3394      341.631303
   128  300.0206    3.4862      360.037106
   129  296.7442    8.9691      371.602246
   130  296.6354    9.0971      371.602341
   131  300.1936    8.1873      379.901644
   132  300.2354    8.1798      379.906480
   133  300.1966    8.1410      380.020228
   134  300.1290    3.5103      387.087134
   135  295.9196    9.1347      400.260564
   136  291.3219   -1.4727      411.769347
   137  300.0039    3.4782      423.228778
   138  300.0187    3.4470      423.285734
   139  291.5302   -1.5253      440.077169
   140  296.4604    4.5899      454.476408
   141  300.1804    8.2236      465.910425
   142  294.5939    9.1725      494.890263
   143  295.8809    9.1532      505.373942
   144  300.8336    1.4397      508.949813
   145  294.5957    9.1889      537.125726
   146  294.6000    9.2639      537.206282
   147  300.0044    3.4605      539.497531
   148  292.3194   -3.0175      544.444038
   149  292.0415   -2.7051      546.899714
   150  299.1572    1.6234      568.470493